0.23494210
0.30172990
0.00401353
-0.09260893
0.01482633
-0.01733218
0.45231890
0.41055510
0.22199760
-0.21727650
0.12276730
-0.26492680
0.38949450
0.46198360
-0.07995097
0.23437650
-0.08676977
0.75768710
-0.23155040
0.13136320
-0.47041990
-0.46486180
0.32272470
-0.11347070
0.34158800
-0.01283738
-0.33233850
0.03308494
-0.04300030
0.13620820
0.04394618
0.06780843
0.31718520
-0.72378930
-0.44442180
-0.04139404
0.39321660
0.51151690
0.22230280
0.08188655
-0.18770000
0.56694780
-0.65404610
0.11206570
0.12425030
0.02211485
-0.54786800
-0.60043520
-0.47928880
0.29124610
0.03736096
-0.56484770
0.15443710
0.36098490
-0.23582660
0.14054990
-0.16556770
-0.63261420
-0.18989200
-0.11655230
0.53941400
-0.69288910
0.66198710
0.22947720
0.27441040
0.36443500
-0.00734228
-0.11226070
0.03085667
-0.02676934
0.55046680
0.50478440
0.25936130
-0.25540640
0.15938570
-0.32797190
0.47661400
0.57131550
-0.11617090
0.30503500
-0.12001330
0.92358920
-0.28687600
0.16273190
-0.58453250
-0.58136120
0.38528620
-0.12059540
0.41656320
-0.01266318
-0.41319820
0.03197702
-0.05313777
0.17994100
0.06000449
0.08081047
0.39835220
-0.91355220
-0.55389920
-0.06383466
0.49726560
0.63499620
0.27742250
0.09252890
-0.23260780
0.69790830
-0.80232360
0.14809880
0.14207060
0.01291944
-0.67446070
-0.74425420
-0.57708310
0.37000890
0.04779677
-0.70661830
0.18687310
0.44326170
-0.28266500
0.16183290
-0.21753630
-0.78890730
-0.23673650
-0.15274960
0.65696170
-0.84474930
0.81228540
0.27527140
0.00813933
-0.00932772
0.00099394
-0.00805467
-0.00119376
-0.00146435
-0.05179321
-0.02927203
0.00306638
-0.00640531
0.00002186
0.00625905
-0.02701463
-0.04838278
-0.00645795
0.00272273
-0.00240672
-0.21692090
-0.00465524
0.01136782
0.04791331
0.04823109
-0.01267868
-0.00953646
-0.01201643
-0.00443544
-0.00148383
0.00156030
-0.00042198
0.00810937
0.00929411
0.00799673
-0.00641896
0.20271100
0.04546244
-0.00152225
-0.02328625
-0.07165379
0.00484838
-0.00461014
-0.00117611
-0.09999965
0.15202060
-0.00186163
0.00055487
0.00498046
0.09011436
0.11967450
0.05186157
-0.00979820
0.00285965
0.10170580
-0.00061560
-0.01719026
0.00400583
-0.00022866
0.00158333
0.13803010
-0.01402820
0.00287825
-0.07813578
0.17106250
-0.15741310
-0.00646327
0.36037660
0.47220580
-0.00294781
-0.14459720
0.03278736
-0.03129035
0.71525610
0.65394310
0.33972280
-0.33406140
0.19933480
-0.42004450
0.61723080
0.73992720
-0.13937390
0.38322780
-0.14649600
1.20618000
-0.36756660
0.20803410
-0.75707040
-0.75040790
0.50199680
-0.16420890
0.53930770
-0.01802229
-0.53252670
0.04538792
-0.06773959
0.22409430
0.07397006
0.10486850
0.50947890
-1.17694500
-0.71404720
-0.07475715
0.63709070
0.82232360
0.35419250
0.12190630
-0.29700480
0.90748980
-1.04500300
0.18379740
0.18695300
0.02408206
-0.87659620
-0.96584580
-0.75608370
0.46977090
0.06017268
-0.91300700
0.24050680
0.57293870
-0.36620910
0.21244380
-0.27109110
-1.02286900
-0.30266590
-0.19013520
0.85933850
-1.10581200
1.05766800
0.35610990
1.93054000
